✔ Reading from "Modele rynku kapitałowego - projekt 2023".
✔ Range ''s192554''.
New names:
• `` -> `...3`
• `` -> `...4`
• `` -> `...5`
• `` -> `...6`
• `` -> `...7`
• `` -> `...8`
• `` -> `...9`
• `` -> `...11`
• `` -> `...12`
• `` -> `...13`
• `` -> `...14`
• `` -> `...15`
• `` -> `...16`
• `` -> `...17`
• `` -> `...18`
• `` -> `...19`
                 [,1]             [,2]             [,3]              [,4]             [,5]             [,6]
[1,]  0.0000007868129  0.0000005624865  0.0000013914790  0.00000270770194  0.0000004355088  0.0000006965317
[2,]  0.0000002009490  0.0000002333253  0.0000000444300 -0.00000039794971 -0.0000000253282 -0.0000002744123
[3,] -0.0000004808628 -0.0000004419486  0.0000004717704 -0.00000007776356  0.0000003127259 -0.0000001140011
[4,]  0.0000003419150  0.0000001481592 -0.0000003111743  0.00000046444458  0.0000003001520 -0.0000001322574
[1] "tabela 1_1 ok"
✔ Editing "Modele rynku kapitałowego - projekt 2023".
✔ Writing to sheet 's192554'.
                      [,1]                 [,2]
[1,] -0.000089925909717882  0.00002128502915610
[2,] -0.000000321628827571 -0.00000174219335491
[3,]  0.000000078970740641  0.00000030655172489
[4,] -0.000000000004495959 -0.00000000001669243
[1] "tabela 1_2 ok"
✔ Editing "Modele rynku kapitałowego - projekt 2023".
✔ Writing to sheet 's192554'.
               r1             r2             r3             ri
r1  0.00000000000  0.00007415573 -0.00002447369  0.00002785101
r2  0.00007415573  0.00000000000  0.00002101375 -0.00000462068
r3 -0.00002447369  0.00002101375  0.00000000000  0.00001661719
ri  0.00002785101 -0.00000462068  0.00001661719  0.00000000000
[1] "tabela 1_3 ok"
✔ Editing "Modele rynku kapitałowego - projekt 2023".
✔ Writing to sheet 's192554'.
                  [,1]             [,2]             [,3]             [,4]             [,5]              [,6]
[1,]  0.00000049701775 -0.0000003521449 0.00000034142607 -0.0000000825729 -0.0000003473906  0.00108332913760
[2,] -0.00000024827332  0.0000001117782 0.00000002306455 -0.0000001058072  0.0000004803888 -0.00000006314507
[3,]  0.00000034785679 -0.0000001156090 0.00000034931784  0.0000003410185  0.0000003463957  0.00000045862235
[4,] -0.00000006965403 -0.0000003624552 0.00000038131340  0.0000002548948  0.0000004793785 -0.00000007254348
[1] "tabela 2_1 ?????"
✔ Editing "Modele rynku kapitałowego - projekt 2023".
✔ Writing to sheet 's192554'.
               r1m.h1.        r2m.h1.        r3m.h1.        rim.h1.
r1m.h1.  0.00000000000  0.00004869932 -0.00001427173  0.00003173094
r2m.h1.  0.00004869932  0.00000000000  0.00002198406 -0.00002016363
r3m.h1. -0.00001427173  0.00002198406  0.00000000000  0.00002907955
rim.h1.  0.00003173094 -0.00002016363  0.00002907955  0.00000000000
[1] "tabela 2_2 ok"
✔ Editing "Modele rynku kapitałowego - projekt 2023".
✔ Writing to sheet 's192554'.
               r1m..h1.       r2m..h1.       r3m..h1.       rim..h1.
r1m..h1.  0.00000000000  0.00004008955  0.00000359400 -0.00001713194
r2m..h1.  0.00004008955  0.00000000000  0.00003505046 -0.00001560459
r3m..h1.  0.00000359400  0.00003505046  0.00000000000 -0.00001691110
rim..h1. -0.00001713194 -0.00001560459 -0.00001691110  0.00000000000
[1] "tabela 2_3 ok"
✔ Editing "Modele rynku kapitałowego - projekt 2023".
✔ Writing to sheet 's192554'.
               r1m             r2m             r3m            rim
r1m  0.00000000000 -0.000047209043 -0.000028669377  0.00003541424
r2m -0.00004720904  0.000000000000 -0.000006977308  0.00001136425
r3m -0.00002866938 -0.000006977308  0.000000000000 -0.00003779407
rim  0.00003541424  0.000011364254 -0.000037794071  0.00000000000
[1] "tabela 2_4 ok"
✔ Editing "Modele rynku kapitałowego - projekt 2023".
✔ Writing to sheet 's192554'.
                 [,1]              [,2]              [,3]             [,4]
[1,] -0.0000004845674 -0.00000001699954  0.00000007291734  0.0000001687901
[2,]  0.0000003077525  0.00000046347189  0.00000024484271 -0.0000003113456
[3,] -0.0000003310966 -0.00000043838081 -0.00000023239312 -0.0000003646915
[4,] -0.0000004076352 -0.00000004486881  0.00000017426668 -0.0000004356774
[1] "tabela 3_1 ok"
✔ Editing "Modele rynku kapitałowego - projekt 2023".
✔ Writing to sheet 's192554'.
               [,1]           [,2]            [,3]            [,4]
[1,]  0.00003630322 0.000038053687 -0.000043439789 -0.000014483747
[2,] -0.00004276023 0.000003807971  0.000035867705 -0.000038940992
[3,] -0.00002330952 0.000020860381 -0.000002492446  0.000008870451
[4,]  0.00001000451 0.000007964046 -0.000001071489 -0.000012174566
[1] "tabela 3_2 ok"
✔ Editing "Modele rynku kapitałowego - projekt 2023".
✔ Writing to sheet 's192554'.
                r1m             r2m            r3m            rim
r1m  0.000014661539  0.000001280728 -0.00003282406 -0.00001411612
r2m  0.000001280728  0.000029577679 -0.00004431719  0.00004589422
r3m -0.000032824058 -0.000044317191 -0.00001073018 -0.00001897144
rim -0.000014116124  0.000045894218 -0.00001897144  0.00004094876
[1] "tabela 3_3 ok"
✔ Editing "Modele rynku kapitałowego - projekt 2023".
✔ Writing to sheet 's192554'.
[1] -0.000001 -0.000015  0.000016
[1] "tabela 3_4 ok"
✔ Editing "Modele rynku kapitałowego - projekt 2023".
✔ Writing to sheet 's192554'.
[1] -0.00000006290827 -0.00000031923728 -0.00000019270733
[1] "tabela 3_5 ok"
✔ Editing "Modele rynku kapitałowego - projekt 2023".
✔ Writing to sheet 's192554'.
          [,1]     [,2]      [,3]            [,4]            [,5]
[1,]  0.000000 0.000000  0.000000 -0.000002493446  0.000008870451
[2,] -0.000064 0.000155  0.000009  0.000000000000 -0.000044888889
[3,]  0.000647 0.000000 -0.000647  0.000000000000 -0.000131253359
[1] "tabela 3_6 ok"
✔ Editing "Modele rynku kapitałowego - projekt 2023".
✔ Writing to sheet 's192554'.
                  [,1]                 [,2]                [,3]               [,4]
[1,]  0.00000012660539 -0.00000000297220269 0.00012822363917064 0.0000005201156127
[2,] -0.00000004301298  0.00000000042379244 0.00000000005625878 0.0000000002409712
[3,] -0.00000037386910  0.00000000007094724 0.00000018190549511 0.0000000002655612
[1] "tabela 4_1 zaokrąglenia?"
✔ Editing "Modele rynku kapitałowego - projekt 2023".
✔ Writing to sheet 's192554'.
                 [,1]              [,2]              [,3]              [,4]
[1,] 0.00000000000000  0.00000005527899  0.00000004407324  0.00000013523991
[2,] 0.00000005527899  0.00000000000000 -0.00000006306560 -0.00000003174573
[3,] 0.00000004407324 -0.00000006306560  0.00000000000000 -0.00000007207078
[4,] 0.00000013523991 -0.00000003174573 -0.00000007207078  0.00000000000000
[1] "tabela 4_2 ok"
✔ Editing "Modele rynku kapitałowego - projekt 2023".
✔ Writing to sheet 's192554'.
✔ Reading from "Modele rynku kapitałowego - projekt 2023".
✔ Range ''s196310''.
New names:
• `` -> `...3`
• `` -> `...4`
• `` -> `...5`
• `` -> `...6`
• `` -> `...7`
• `` -> `...8`
• `` -> `...9`
• `` -> `...11`
• `` -> `...12`
                [,1]             [,2]            [,3]             [,4]             [,5]             [,6]
[1,]  0.000002519152  0.0000015587393 -0.000004522173  0.0000009255764 -0.0000046887464  0.0000008857290
[2,] -0.000003213160  0.0000005582055 -0.000003614607  0.0000017094293  0.0000004370406  0.0000006906937
[3,] -0.000001953613 -0.0000037972507  0.000004152695 -0.0000044700758 -0.0000038302435 -0.0000025541563
[4,] -0.000002658085 -0.0000018518408 -0.000003311174  0.0000004644446  0.0000023001520 -0.0000021322574
[1] "tabela 1_1 ok"
✔ Editing "Modele rynku kapitałowego - projekt 2023".
✔ Writing to sheet 's196310'.
               [,1]           [,2]
[1,] -0.00001518399  0.00004532152
[2,] -0.00002203794  0.00003112798
[3,] -0.00000929578 -0.00004226973
[4,] -0.00002634780 -0.00002139932
[1] "tabela 1_2 ok"
✔ Editing "Modele rynku kapitałowego - projekt 2023".
✔ Writing to sheet 's196310'.
               r1             r2             r3            ri
r1  0.00000000000 -0.00002444497  0.00004770536 0.00001639879
r2 -0.00002444497  0.00000000000 -0.00004926346 0.00002794586
r3  0.00004770536 -0.00004926346  0.00000000000 0.00001834672
ri  0.00001639879  0.00002794586  0.00001834672 0.00000000000
[1] "tabela 1_3 ok"
✔ Editing "Modele rynku kapitałowego - projekt 2023".
✔ Writing to sheet 's196310'.
                  [,1]             [,2]            [,3]             [,4]            [,5]            [,6]
[1,]  0.00000035003387 -0.0000001193869  0.000004352389  0.0000003392129  0.000000347679 -0.000002547028
[2,]  0.00000049605846 -0.0000003557357 -0.000001658898  0.0000029325049 -0.000001348985 -0.000004688823
[3,] -0.00000037306298 -0.0000004455424 -0.000002897921  0.0000031779853 -0.000001848205  0.000000370121
[4,] -0.00000006965403 -0.0000003624552  0.000004381313 -0.0000047451052  0.000003479379 -0.000004072543
[1] "tabela 2_1 ok"
✔ Editing "Modele rynku kapitałowego - projekt 2023".
✔ Writing to sheet 's196310'.
               r1m.h1.        r2m.h1.        r3m.h1.       rim.h1.
r1m.h1.  0.00000000000 -0.00001428203 -0.00002049119 0.00002899196
r2m.h1. -0.00001428203  0.00000000000  0.00001386392 0.00003165335
r3m.h1. -0.00002049119  0.00001386392  0.00000000000 0.00001145602
rim.h1.  0.00002899196  0.00003165335  0.00001145602 0.00000000000
[1] "tabela 2_2 ok"
✔ Editing "Modele rynku kapitałowego - projekt 2023".
✔ Writing to sheet 's196310'.
                r1m..h1.        r2m..h1.        r3m..h1.       rim..h1.
r1m..h1.  0.000000000000  0.000003699361 -0.000016287221 -0.00001685032
r2m..h1.  0.000003699361  0.000000000000 -0.000009630621 -0.00001701177
r3m..h1. -0.000016287221 -0.000009630621  0.000000000000 -0.00004534023
rim..h1. -0.000016850318 -0.000017011775 -0.000045340228  0.00000000000
[1] "tabela 2_3 ok"
✔ Editing "Modele rynku kapitałowego - projekt 2023".
✔ Writing to sheet 's196310'.
               r1m            r2m            r3m            rim
r1m  0.00000000000 -0.00002860538 -0.00003279883 -0.00003778265
r2m -0.00002860538  0.00000000000 -0.00000986849  0.00003544529
r3m -0.00003279883 -0.00000986849  0.00000000000 -0.00001743109
rim -0.00003778265  0.00003544529 -0.00001743109  0.00000000000
[1] "tabela 2_4 ok"
✔ Editing "Modele rynku kapitałowego - projekt 2023".
✔ Writing to sheet 's196310'.
                 [,1]              [,2]              [,3]              [,4]
[1,] -0.0000003310966 -0.00000043773577 -0.00000022996635 -0.00000036689909
[2,] -0.0000004844663 -0.00000002117025  0.00000007221503  0.00000016623813
[3,]  0.0000004209291  0.00000037961337  0.00000010269044 -0.00000009751337
[4,] -0.0000004076352 -0.00000004486881  0.00000017426668 -0.00000043567744
[1] "tabela 3_1 ok"
✔ Editing "Modele rynku kapitałowego - projekt 2023".
✔ Writing to sheet 's196310'.
                   [,1]              [,2]              [,3]             [,4]
[1,] -0.000000305379088 -0.00000012522926 -0.00000046218529 -0.0000001283702
[2,]  0.000000310663651 -0.00000001869312 -0.00000045174193 -0.0000004977026
[3,]  0.000000408887087 -0.00000029872429 -0.00000032275603 -0.0000003272981
[4,]  0.000000004508543 -0.00000003595430 -0.00000007148896 -0.0000001745664
[1] "tabela 3_2 ok"
✔ Editing "Modele rynku kapitałowego - projekt 2023".
✔ Writing to sheet 's196310'.
               r1m            r2m            r3m            rim
r1m -0.00001072922 -0.00003281803 -0.00003018935 -0.00001897037
r2m -0.00003281803  0.00001465207 -0.00003022543 -0.00001411595
r3m -0.00003018935 -0.00003022543 -0.00002132754  0.00003615347
rim -0.00001897037 -0.00001411595  0.00003615347  0.00004094876
[1] "tabela 3_3 ok"
✔ Editing "Modele rynku kapitałowego - projekt 2023".
✔ Writing to sheet 's196310'.
[1] -0.067853  0.070853 -0.003000
[1] "tabela 3_4 ?????"
✔ Editing "Modele rynku kapitałowego - projekt 2023".
✔ Writing to sheet 's196310'.
[1] 0.09025811 0.23665179 0.09471774
[1] "tabela 3_5 ?????"
✔ Editing "Modele rynku kapitałowego - projekt 2023".
✔ Writing to sheet 's196310'.
               [,1]                [,2]              [,3]               [,4]
[1,] 0.000018855505  0.0000000013182960 -0.00000044020794 0.0000000003276238
[2,] 0.000026061309 -0.0000000019491888  0.00000001660386 0.0000000001571017
[3,] 0.000006913177  0.0000000008604915  0.00000006590993 0.0000000003241196
[1] "tabela 4_1 ok"
✔ Editing "Modele rynku kapitałowego - projekt 2023".
✔ Writing to sheet 's196310'.
                 [,1]             [,2]               [,3]               [,4]
[1,]  0.0000000000000 0.00000002354301  0.000000007097071  0.000000014354092
[2,] -0.0000004084570 0.00000000000000  0.000000009943507  0.000000445289837
[3,] -0.0000002779029 0.00000027394351  0.000000000000000 -0.000000006085381
[4,]  0.0000002173541 0.00000044528984 -0.000000431085381  0.000000000000000
[1] "tabela 4_2 ok"
✔ Editing "Modele rynku kapitałowego - projekt 2023".
✔ Writing to sheet 's196310'.
✔ Editing "Modele rynku kapitałowego - projekt 2023".
✔ Writing to sheet 's196310'.
✔ Reading from "Modele rynku kapitałowego - projekt 2023".
✔ Range ''s122475''.
New names:
• `` -> `...3`
• `` -> `...4`
• `` -> `...5`
• `` -> `...6`
• `` -> `...7`
• `` -> `...8`
• `` -> `...9`
                 [,1]            [,2]            [,3]           [,4]             [,5]           [,6]
[1,]  0.0000017410009 -0.000041314389  0.000011065446 -0.00003002549 -0.0000005538003 0.000009618517
[2,]  0.0000487197903  0.000009097628 -0.000017528971 -0.00004621385 -0.0000103654057 0.000028962056
[3,] -0.0000004950827 -0.000016397052 -0.000002095365  0.00004015501 -0.0000493224275 0.000045388364
[4,]  0.0000273419150  0.000028148159  0.000016688826 -0.00002953556 -0.0000176998480 0.000037867743
[1] "tabela 1_1 ok"
✔ Editing "Modele rynku kapitałowego - projekt 2023".
✔ Writing to sheet 's122475'.
                    [,1]                [,2]
[1,] -0.0000005590973940 -0.0000006199426377
[2,]  0.0000001754896279  0.0000004289386408
[3,] -0.0000038657831263  0.0000157149285389
[4,]  0.0000000001955041  0.0000000006833076
[1] "tabela 1_2 ok"
✔ Editing "Modele rynku kapitałowego - projekt 2023".
✔ Writing to sheet 's122475'.
                  r1                r2                r3                ri
r1  0.00000000000000 -0.00000014537736  0.00000001333934  0.00000005834592
r2 -0.00000014537736  0.00000000000000 -0.00000011412742 -0.00000004357485
r3  0.00000001333934 -0.00000011412742  0.00000000000000  0.00000023673522
ri  0.00000005834592 -0.00000004357485  0.00000023673522  0.00000000000000
[1] "tabela 1_3 ok"
✔ Editing "Modele rynku kapitałowego - projekt 2023".
✔ Writing to sheet 's122475'.
               [,1]            [,2]           [,3]           [,4]           [,5]           [,6]
[1,] 0.000034666208 -0.000019690581 -0.00003666003 -0.00004850487 0.000005992442  0.00001809720
[2,] 0.000026995034 -0.000009932310  0.00003041861 -0.00001627138 0.000023571461 -0.00004754694
[3,] 0.000001973457  0.000002941902 -0.00004081457  0.00002312712 0.000044761482 -0.00003907915
[4,] 0.000038930346  0.000033637545  0.00003438131  0.00001525489 0.000043479379 -0.00002407254
[1] "tabela 2_1 ok"
✔ Editing "Modele rynku kapitałowego - projekt 2023".
✔ Writing to sheet 's122475'.
                 r1m.h1.          r2m.h1.          r3m.h1.          rim.h1.
r1m.h1.  0.0000000000000 -0.0000002129072 -0.0000005630311 -0.0000001813696
r2m.h1. -0.0000002129072  0.0000000000000  0.0000002591098  0.0000002138429
r3m.h1. -0.0000005630311  0.0000002591098  0.0000000000000 -0.0000006367488
rim.h1. -0.0000001813696  0.0000002138429 -0.0000006367488  0.0000000000000
[1] "tabela 2_2 ok"
✔ Editing "Modele rynku kapitałowego - projekt 2023".
✔ Writing to sheet 's122475'.
                 r1m..h1.           r2m..h1.        r3m..h1.           rim..h1.
r1m..h1. 0.00000000000000  0.000000178913915 0.0000001827664  0.000000011594707
r2m..h1. 0.00000017891392  0.000000000000000 0.0000007915839 -0.000000002805883
r3m..h1. 0.00000018276638  0.000000791583895 0.0000000000000  0.000000044673195
rim..h1. 0.00000001159471 -0.000000002805883 0.0000000446732  0.000000000000000
[1] "tabela 2_3 ok"
✔ Editing "Modele rynku kapitałowego - projekt 2023".
✔ Writing to sheet 's122475'.
                   r1m                r2m              r3m               rim
r1m  0.000000000000000 -0.000000003788606 -0.0000001229654 -0.00000004822748
r2m -0.000000003788606  0.000000000000000  0.0000005366686  0.00000009374708
r3m -0.000000122965450  0.000000536668628  0.0000000000000 -0.00000018625436
rim -0.000000048227481  0.000000093747075 -0.0000001862544  0.00000000000000
[1] "tabela 2_4 ok"
✔ Editing "Modele rynku kapitałowego - projekt 2023".
✔ Writing to sheet 's122475'.
                 [,1]             [,2]             [,3]              [,4]
[1,] -0.0000002222085 0.00000050641109 -0.0000001285417  0.00000009882656
[2,]  0.0000013231596 0.00000019849312  0.0000002334885 -0.00000007850436
[3,] -0.0000004146516 0.00000008794488  0.0000003607148  0.00000028084044
[4,]  0.0000005923648 0.00000095513119  0.0000001742667 -0.00000043567744
[1] "tabela 3_1 ok"
✔ Editing "Modele rynku kapitałowego - projekt 2023".
✔ Writing to sheet 's122475'.
                   [,1]           [,2]              [,3]             [,4]
[1,]  0.000024789863939 0.000016355503 -0.00000008628873  0.0000001617443
[2,] -0.000003073144037 0.000003416431  0.00000007411245  0.0000002514302
[3,]  0.000011651799512 0.000007550457 -0.00000029224115  0.0000003426975
[4,]  0.000000004508543 0.000052544046 -0.00000007148896 -0.0000001745664
[1] "tabela 3_2 zaokrąglenia?"
✔ Editing "Modele rynku kapitałowego - projekt 2023".
✔ Writing to sheet 's122475'.
                  r1m               r2m                  r3m                  rim
r1m  0.00000018755581 0.000000019750176  0.00000002476114440 -0.00000005199145829
r2m  0.00000001975018 0.000000193015518  0.00000009732920071  0.00000000760699264
r3m  0.00000002476114 0.000000097329201  0.00000027227326790 -0.00000000003926131
rim -0.00000005199146 0.000000007606993 -0.00000000003926131 -0.00000006898442791
[1] "tabela 3_3 ok"
✔ Editing "Modele rynku kapitałowego - projekt 2023".
✔ Writing to sheet 's122475'.
[1] 0.000000577212 0.000000165000 0.000000261000
[1] "tabela 3_4 ok"
✔ Editing "Modele rynku kapitałowego - projekt 2023".
✔ Writing to sheet 's122475'.
[1] 0.0000002547510 0.0000004225272 0.0000002504110
[1] "tabela 3_5 ok"
✔ Editing "Modele rynku kapitałowego - projekt 2023".
✔ Writing to sheet 's122475'.
             [,1]        [,2]        [,3] [,4]           [,5]
[1,]  0.000000000 -0.01061800  0.01061800    0  0.06666806667
[2,] -0.014156423  0.06770517 -0.05354974    0  0.00170684940
[3,] -0.009107262  0.00177540  0.00733190    0 -0.00004078659
[1] "tabela 3_6 ?????"
✔ Editing "Modele rynku kapitałowego - projekt 2023".
✔ Writing to sheet 's122475'.
                  [,1]             [,2]           [,3]              [,4]
[1,] -0.00000004863312  0.0000004081125 -0.00009529142 -0.00000030972457
[2,]  0.00000008671299 -0.0000003956298  0.00005995450  0.00000002897657
[3,] -0.00000047302971  0.0000001589571  0.00015629492  0.00000080842945
[1] "tabela 4_1 zaokrąglenia?"
✔ Editing "Modele rynku kapitałowego - projekt 2023".
✔ Writing to sheet 's122475'.
                  [,1]              [,2]              [,3]              [,4]
[1,]  0.00000000000000  0.00000001280605 -0.00000012517494 -0.00000004822748
[2,]  0.00000001280605  0.00000000000000 -0.00000002097153  0.00000009374708
[3,] -0.00000012517494 -0.00000002097153  0.00000000000000 -0.00000018625436
[4,] -0.00000004822748  0.00000009374708 -0.00000018625436  0.00000000000000
[1] "tabela 4_2 ok"
✔ Editing "Modele rynku kapitałowego - projekt 2023".
✔ Writing to sheet 's122475'.
✔ Reading from "Modele rynku kapitałowego - projekt 2023".
✔ Range ''s192545''.
New names:
• `` -> `...3`
• `` -> `...4`
• `` -> `...5`
• `` -> `...6`
• `` -> `...7`
• `` -> `...8`
• `` -> `...9`
• `` -> `...11`
• `` -> `...12`
• `` -> `...13`
• `` -> `...14`
• `` -> `...15`
• `` -> `...16`
• `` -> `...17`
• `` -> `...18`
                             [,1]                       [,2]                         [,3]
[1,]  0.0000000000071259332798650  0.00000000007509843441555 -0.0000000001503107083244970
[2,]  0.0000000000197837930933364  0.00000000081643289351341  0.0000000005783613562029832
[3,] -0.0000000000017286890777353 -0.00000000019373869522554 -0.0000000002136879711806677
[4,]  0.0000000000000000005963112  0.00000000000000002428613  0.0000000000000000002168404
                            [,4]                         [,5]                       [,6]
[1,]  0.000000000729735442211998  0.0000000000458720227059471 -0.00000000007515816094483
[2,]  0.000000002737642425254538 -0.0000000001176854497642217  0.00000000021022582286090
[3,] -0.000000000824374585955967 -0.0000053206229638861208793 -0.00000537542276321176238
[4,] -0.000000000000000006938894  0.0000000000000000001084202 -0.00000000000000000520417
[1] "tabela 1_1 ok"
✔ Editing "Modele rynku kapitałowego - projekt 2023".
✔ Writing to sheet 's192545'.
                         [,1]                     [,2]
[1,]  0.000000269414276863472  0.000000034111403479642
[2,] -0.000000127371851288416 -0.000001453937782613934
[3,] -0.000000188621311111858  0.000001299706326562955
[4,]  0.000000000000003996803  0.000000000000007105427
[1] "tabela 1_2 ok"
✔ Editing "Modele rynku kapitałowego - projekt 2023".
✔ Writing to sheet 's192545'.
                   r1                 r2                 r3                 ri
r1  0.000000000000000 -0.000000002159197 -0.000000023699742 -0.000000003353442
r2 -0.000000002159197  0.000000000000000  0.000000011802361  0.000000010188919
r3 -0.000000023699742  0.000000011817213  0.000000000000000  0.000000001018684
ri -0.000000003353442  0.000000010188919  0.000000001018684  0.000000000000000
[1] "tabela 1_3 ok"
✔ Editing "Modele rynku kapitałowego - projekt 2023".
✔ Writing to sheet 's192545'.
                    [,1]                       [,2]                        [,3]                       [,4]
[1,]  0.0000000001958144  0.00000000057960755639463 -0.000000000133768370078752  0.00000000067768439471205
[2,] -0.0000000003614335 -0.00000000007623937592349 -0.000000001543192684749783 -0.00000000432298052910340
[3,]  0.0000035676175560 -0.00000000148986804837659 -0.000003391749418314021769 -0.00000000408614213298630
[4,] -0.0000010696540309 -0.00000000000000002775558  0.000000000000000003469447  0.00000000000000004163336
                            [,5]                      [,6]
[1,]  0.000000000525397178888221 0.00000000059052215894972
[2,]  0.000000000820325633810182 0.00000215413844328882220
[3,]  0.000000000033745403606872 0.00000000007835490589692
[4,] -0.000000000000000004336809 0.00000000000000004163336
[1] "tabela 2_1 ok"
✔ Editing "Modele rynku kapitałowego - projekt 2023".
✔ Writing to sheet 's192545'.
                   r1m.h1.           r2m.h1.          r3m.h1.            rim.h1.
r1m.h1.  0.000000000000000 -0.00000001816222 0.00000018285911 -0.000000001129461
r2m.h1. -0.000000018162223  0.00000000000000 0.00000017763693 -0.000000012971243
r3m.h1.  0.000000182859114  0.00000017763693 0.00000000000000  0.000000056417710
rim.h1. -0.000000001129461 -0.00000001297124 0.00000005641771  0.000000000000000
[1] "tabela 2_2 ok"
✔ Editing "Modele rynku kapitałowego - projekt 2023".
✔ Writing to sheet 's192545'.
                   r1m..h1.          r2m..h1.          r3m..h1.           rim..h1.
r1m..h1.  0.000000000000000  0.00000001991044 -0.00000001011458 -0.000000003214404
r2m..h1.  0.000000019910436  0.00000000000000 -0.00000000500143  0.000000016948244
r3m..h1. -0.000000010114584 -0.00000000500143  0.00000000000000  0.000000015780342
rim..h1. -0.000000003214404  0.00000001694824  0.00000001578034  0.000000000000000
[1] "tabela 2_3 ok"
✔ Editing "Modele rynku kapitałowego - projekt 2023".
✔ Writing to sheet 's192545'.
                   r1m              r2m              r3m                rim
r1m  0.000000000000000 0.00000001327158 0.00000003811064 -0.000000002417086
r2m  0.000000013271578 0.00000000000000 0.00000006686109  0.000000010066651
r3m  0.000000038110641 0.00000006686109 0.00000000000000  0.000000028675975
rim -0.000000002417086 0.00000001006665 0.00000002867597  0.000000000000000
[1] "tabela 2_4 ok"
✔ Editing "Modele rynku kapitałowego - projekt 2023".
✔ Writing to sheet 's192545'.
                      [,1]                       [,2]                        [,3]                       [,4]
[1,]  0.000000000006874514 -0.00000000002414769773029  0.000000000143219055538657  0.00000000030926944338816
[2,] -0.000000000013552718  0.00000000086151170919369 -0.000000000282348297520052 -0.00000000044186071468388
[3,]  0.000000000001692547 -0.00000000014724258964871  0.000000001396601479429493 -0.00000000079683283582543
[4,] -0.000004407635199265  0.00000000000000002775558  0.000000000000000001084202 -0.00000000000000003469447
[1] "tabela 3_1 ok"
✔ Editing "Modele rynku kapitałowego - projekt 2023".
✔ Writing to sheet 's192545'.
                   [,1]            [,2]            [,3]               [,4]
[1,] -0.000002308968536  0.000003940518 -0.000001292743  0.000000004048922
[2,] -0.000001983756810  0.000003064247  0.000003270792 -0.000000009860878
[3,] -0.000003940455691 -0.000003416040  0.000002771067  0.000000002676445
[4,]  0.000000004508543 -0.000002035954 -0.000001071489 -0.000000004566417
[1] "tabela 3_2 ok"
✔ Editing "Modele rynku kapitałowego - projekt 2023".
✔ Writing to sheet 's192545'.
               r1m            r2m            r3m            rim
r1m  0.00001236945 -0.00001147506 -0.00003792361 -0.00002597788
r2m -0.00001147506  0.00008938994  0.00002536871  0.00003201891
r3m -0.00003792361  0.00002536871  0.00002016261  0.00001560979
rim -0.00002597788  0.00003201891  0.00001560979  0.00004094876
[1] "tabela 3_3 ok"
✔ Editing "Modele rynku kapitałowego - projekt 2023".
✔ Writing to sheet 's192545'.
[1] 0 0 0
[1] "tabela 3_4 ok"
✔ Editing "Modele rynku kapitałowego - projekt 2023".
✔ Writing to sheet 's192545'.
[1] 0.04354977 0.23407795 0.09248816
[1] "tabela 3_5 ?????"
✔ Editing "Modele rynku kapitałowego - projekt 2023".
✔ Writing to sheet 's192545'.
                 [,1]          [,2]             [,3]         [,4]
[1,] -0.0000002811706 -0.0025909671  0.0000003856264  0.002597989
[2,]  0.0000001117458  0.0282042681 -0.0000004208530 -0.028194728
[3,] -0.4728145086798  0.0002262751 -0.0000002847772  0.001032340
[1] "tabela 4_1 ?????"
✔ Editing "Modele rynku kapitałowego - projekt 2023".
✔ Writing to sheet 's192545'.
            [,1]        [,2]       [,3]        [,4]
[1,]  0.00000000 -0.07497192 -0.1865598 -0.04388209
[2,] -0.07497192  0.00000000  0.3309622 -0.07328733
[3,] -0.18655985  0.33096216  0.0000000 -0.20089536
[4,] -0.04388209 -0.07328733 -0.2008954  0.00000000
[1] "tabela 4_2 ?????"
✔ Editing "Modele rynku kapitałowego - projekt 2023".
✔ Writing to sheet 's192545'.
✔ Reading from "Modele rynku kapitałowego - projekt 2023".
✔ Range ''s156850''.
New names:
• `` -> `...2`
• `` -> `...3`
• `` -> `...4`
• `` -> `...5`
• `` -> `...6`
• `` -> `...7`
• `` -> `...8`
• `` -> `...9`
• `` -> `...11`
                 [,1]             [,2]             [,3]            [,4]              [,5]              [,6]
[1,] -0.0000003852505 -0.0000003007162 -0.0000002028623 0.0000004778221 -0.00000002515287 -0.00000021727075
[2,]  0.0000004741742  0.0000001216017 -0.0000001663355 0.0000001593152 -0.00000022800569 -0.00000007658314
[3,]  0.0000003933066  0.0000004933015 -0.0000004127399 0.0000004749368  0.00000018357971  0.00000040469862
[4,]  0.0000003419150  0.0000001481592 -0.0000003111743 0.0000004644446  0.00000030015199 -0.00000013225738
[1] "tabela 1_1 ok"
✔ Editing "Modele rynku kapitałowego - projekt 2023".
✔ Writing to sheet 's156850'.
              [,1]          [,2]
[1,] -0.0003117422 -0.0004690633
[2,]  0.0004028582 -0.0003999673
[3,]  0.0001564236 -0.0004637328
[4,] -0.0001263478 -0.0003213993
[1] "tabela 1_2 ok"
✔ Editing "Modele rynku kapitałowego - projekt 2023".
✔ Writing to sheet 's156850'.
               r1            r2             r3             ri
r1  0.00000000000 -0.0002898461 -0.00019565519 -0.00006524917
r2 -0.00028984610  0.0000000000  0.00037700048 -0.00047750650
r3 -0.00019565519  0.0003770005  0.00000000000  0.00008943515
ri -0.00006524917 -0.0004775065  0.00008943515  0.00000000000
[1] "tabela 1_3 ok"
✔ Editing "Modele rynku kapitałowego - projekt 2023".
✔ Writing to sheet 's156850'.
                [,1]            [,2]             [,3]            [,4]             [,5]            [,6]
[1,] -0.000003197923 -0.000003762417 -0.0000003505127  0.000003967712  0.0000039546673  0.000004971251
[2,]  0.000003514630 -0.000003461388 -0.0000047262400  0.000002695865  0.0000017555010  0.000002181191
[3,] -0.000003647676  0.000002462411  0.0000033937361  0.000002359773 -0.0000006890879 -0.000001695895
[4,] -0.000001069654  0.000003637545  0.0000043813134 -0.000004745105  0.0000034793785 -0.000004072543
[1] "tabela 2_1 ok"
✔ Editing "Modele rynku kapitałowego - projekt 2023".
✔ Writing to sheet 's156850'.
                r1m.h1.         r2m.h1.        r3m.h1.      rim.h1.
r1m.h1.  0.000000000000  0.000006959563 -0.00002963997 0.0001865198
r2m.h1.  0.000006959563  0.000000000000 -0.00019591344 0.0000283661
r3m.h1. -0.000029639972 -0.000195913444  0.00000000000 0.0001171623
rim.h1.  0.000186519845  0.000028366098  0.00011716231 0.0000000000
[1] "tabela 2_2 ok"
✔ Editing "Modele rynku kapitałowego - projekt 2023".
✔ Writing to sheet 's156850'.
              r1m..h1.      r2m..h1.      r3m..h1.      rim..h1.
r1m..h1.  0.0000000000 -0.0003031250 -0.0004328485 -0.0001905680
r2m..h1. -0.0003031250  0.0000000000 -0.0003309117 -0.0000535329
r3m..h1. -0.0004328485 -0.0003309117  0.0000000000 -0.0002866735
rim..h1. -0.0001905680 -0.0000535329 -0.0002866735  0.0000000000
[1] "tabela 2_3 ok"
✔ Editing "Modele rynku kapitałowego - projekt 2023".
✔ Writing to sheet 's156850'.
               r1m            r2m            r3m            rim
r1m  0.00000000000  0.00003992143 -0.00008357009 -0.00003585957
r2m  0.00003992143  0.00000000000 -0.00033621114 -0.00040426800
r3m -0.00008357009 -0.00033621114  0.00000000000  0.00034739536
rim -0.00003585957 -0.00040426800  0.00034739536  0.00000000000
[1] "tabela 2_4 ok"
✔ Editing "Modele rynku kapitałowego - projekt 2023".
✔ Writing to sheet 's156850'.
                 [,1]             [,2]            [,3]             [,4]
[1,] -0.0000047480784  0.0000029949039  0.000001082455  0.0000019594197
[2,] -0.0000036169975 -0.0000021250487  0.000003757339 -0.0000008088277
[3,]  0.0000005219514 -0.0000010137502 -0.000004126012  0.0000043753847
[4,] -0.0000044076352  0.0000009551312 -0.000001825733  0.0000025643226
[1] "tabela 3_1 ok"
✔ Editing "Modele rynku kapitałowego - projekt 2023".
✔ Writing to sheet 's156850'.
                   [,1]             [,2]            [,3]              [,4]
[1,] -0.000001342645767 -0.0000049044798  0.000002039440  0.00000290407432
[2,] -0.000000057898566 -0.0000013896775 -0.000004706809  0.00000009081677
[3,]  0.000001451687090 -0.0000009003074 -0.000002389984  0.00000004806645
[4,]  0.000000004508543 -0.0000020359543 -0.000001071489 -0.00000217456642
[1] "tabela 3_2 ok"
✔ Editing "Modele rynku kapitałowego - projekt 2023".
✔ Writing to sheet 's156850'.
               r1m           r2m           r3m            rim
r1m  0.00033704164 0.00022873749 -0.0003313893 -0.00008937116
r2m  0.00022873749 0.00011543709  0.0004067281  0.00004940671
r3m -0.00033138926 0.00040672806  0.0004741299 -0.00037352125
rim -0.00008937116 0.00004940671 -0.0003735213  0.00004094876
[1] "tabela 3_3 ok"
✔ Editing "Modele rynku kapitałowego - projekt 2023".
✔ Writing to sheet 's156850'.
[1] -0.000045 -0.000018 -0.000036
[1] "tabela 3_4 ok"
✔ Editing "Modele rynku kapitałowego - projekt 2023".
✔ Writing to sheet 's156850'.
[1] -0.000003126741 -0.000002375695  0.000282828910
[1] "tabela 3_5 ok"
✔ Editing "Modele rynku kapitałowego - projekt 2023".
✔ Writing to sheet 's156850'.
          [,1]      [,2] [,3]          [,4]              [,5]
[1,] -0.000037  0.000037    0 0.00000000000 -0.00001240970874
[2,]  0.000000  0.000000    0 0.00001529219  0.00000009081677
[3,] -0.000512  0.000512    0 0.00000000000  0.00017403900133
[4,]  0.000004 -0.000004    0 0.00000000000  0.00003865850714
[1] "tabela 3_6 ok"
✔ Editing "Modele rynku kapitałowego - projekt 2023".
✔ Writing to sheet 's156850'.
              [,1]            [,2]            [,3]           [,4]
[1,] 0.00002356589  0.000020742751  0.000012600318 -0.00002997321
[2,] 0.00002716755  0.000006126870 -0.000025564600 -0.00002078311
[3,] 0.00001310092 -0.000008179298  0.000007269896  0.00002066463
[1] "tabela 4_1 ok"
✔ Editing "Modele rynku kapitałowego - projekt 2023".
✔ Writing to sheet 's156850'.
               [,1]          [,2]         [,3]           [,4]
[1,]  0.00000000000 -0.0003689841 0.0001017663 -0.00003585957
[2,] -0.00036898415  0.0000000000 0.0001736110 -0.00040426800
[3,]  0.00010176632  0.0001736110 0.0000000000  0.00034739536
[4,] -0.00003585957 -0.0004042680 0.0003473954  0.00000000000
[1] "tabela 4_2 ?????"
✔ Editing "Modele rynku kapitałowego - projekt 2023".
✔ Writing to sheet 's156850'.
✔ Reading from "Modele rynku kapitałowego - projekt 2023".
✔ Range ''s192547''.
New names:
• `` -> `...3`
• `` -> `...4`
• `` -> `...5`
• `` -> `...6`
• `` -> `...7`
• `` -> `...8`
• `` -> `...9`
                [,1]            [,2]             [,3]            [,4]             [,5]            [,6]
[1,] -0.000004160953  0.000004921588  0.0000001632194 0.0000049212896 -0.0000014245344  0.000003570399
[2,] -0.000001280192 -0.000000901517  0.0000024681895 0.0000037894372 -0.0000003646852 -0.000001037717
[3,]  0.000003461944  0.000002247618 -0.0000040725159 0.0000041118349 -0.0000046214751  0.000002839986
[4,] -0.000002658085 -0.000001851841 -0.0000033111743 0.0000004644446  0.0000023001520 -0.000002132257
[1] "tabela 1_1 ok"
✔ Editing "Modele rynku kapitałowego - projekt 2023".
✔ Writing to sheet 's192547'.
              [,1]           [,2]
[1,] -0.0003155724 -0.00012592538
[2,] -0.0002242685  0.00020845852
[3,]  0.0004744944  0.00009096409
[4,] -0.0001263478 -0.00032139932
[1] "tabela 1_2 ok"
✔ Editing "Modele rynku kapitałowego - projekt 2023".
✔ Writing to sheet 's192547'.
              r1              r2            r3             ri
r1  0.0000000000 -0.000432206862  0.0001859018 0.000381231015
r2 -0.0004322069  0.000000000000 -0.0002914983 0.000003846969
r3  0.0001859018 -0.000291498264  0.0000000000 0.000301874765
ri  0.0003812310  0.000003846969  0.0003018748 0.000000000000
[1] "tabela 1_3 ok"
✔ Editing "Modele rynku kapitałowego - projekt 2023".
✔ Writing to sheet 's192547'.
                 [,1]              [,2]            [,3]            [,4]           [,5]            [,6]
[1,] -0.0000004246109 -0.00000415132140 0.0000047530816 -0.000001371201 0.000004397697 -0.000003729010
[2,] -0.0000030053689  0.00000006320533 0.0000004164159  0.000003728522 0.000003572846  0.000002443998
[3,] -0.0000032108695  0.00000327782251 0.0000009993467  0.000002232121 0.000002578914 -0.000002089420
[4,] -0.0000010696540  0.00000363754479 0.0000043813134 -0.000004745105 0.000003479379 -0.000004072543
[1] "tabela 2_1 ok"
✔ Editing "Modele rynku kapitałowego - projekt 2023".
✔ Writing to sheet 's192547'.
               r1m.h1.        r2m.h1.       r3m.h1.        rim.h1.
r1m.h1.  0.00000000000 -0.00032084235 0.00008305412 -0.00026197422
r2m.h1. -0.00032084235  0.00000000000 0.00024563853  0.00002864741
r3m.h1.  0.00008305412  0.00024563853 0.00000000000  0.00041710224
rim.h1. -0.00026197422  0.00002864741 0.00041710224  0.00000000000
[1] "tabela 2_2 ok"
✔ Editing "Modele rynku kapitałowego - projekt 2023".
✔ Writing to sheet 's192547'.
               r1m..h1.       r2m..h1.      r3m..h1.      rim..h1.
r1m..h1.  0.00000000000 -0.00007376017 -0.0004597217 -0.0001142270
r2m..h1. -0.00007376017  0.00000000000  0.0002901329 -0.0001933539
r3m..h1. -0.00045972172  0.00029013286  0.0000000000 -0.0001124115
rim..h1. -0.00011422695 -0.00019335387 -0.0001124115  0.0000000000
[1] "tabela 2_3 ok"
✔ Editing "Modele rynku kapitałowego - projekt 2023".
✔ Writing to sheet 's192547'.
              r1m           r2m           r3m           rim
r1m  0.0000000000 -0.0004734767 -0.0001669476 -0.0002603990
r2m -0.0004734767  0.0000000000  0.0004379602 -0.0004209961
r3m -0.0001669476  0.0004379602  0.0000000000  0.0001021430
rim -0.0002603990 -0.0004209961  0.0001021430  0.0000000000
[1] "tabela 2_4 ok"
✔ Editing "Modele rynku kapitałowego - projekt 2023".
✔ Writing to sheet 's192547'.
                 [,1]             [,2]             [,3]            [,4]
[1,] -0.0000028420113 -0.0000037866800  0.0000007936475  0.000002842542
[2,] -0.0000006768404  0.0000031992525  0.0000042334885 -0.000004083133
[3,]  0.0000036780173 -0.0000019032776  0.0000049586929  0.000003144443
[4,] -0.0000044076352  0.0000009551312 -0.0000018257333  0.000002564323
[1] "tabela 3_1 ok"
✔ Editing "Modele rynku kapitałowego - projekt 2023".
✔ Writing to sheet 's192547'.
                   [,1]             [,2]            [,3]              [,4]
[1,] -0.000000981603646  0.0000017586159 -0.000004958389  0.00000320142986
[2,] -0.000003067962852  0.0000034346195  0.000004068102 -0.00000477146543
[3,]  0.000002512199635 -0.0000009748966  0.000003886189 -0.00000008764464
[4,]  0.000000004508543 -0.0000020359543 -0.000001071489 -0.00000217456642
[1] "tabela 3_2 ok"
✔ Editing "Modele rynku kapitałowego - projekt 2023".
✔ Writing to sheet 's192547'.
               r1m            r2m           r3m            rim
r1m -0.00024312472 -0.00009245503  0.0002346490  0.00006005735
r2m -0.00009245503  0.00032948266  0.0003962225 -0.00015602569
r3m  0.00023464900  0.00039622253 -0.0002172339 -0.00033080159
rim  0.00006005735 -0.00015602569 -0.0003308016  0.00004094876
[1] "tabela 3_3 ok"
✔ Editing "Modele rynku kapitałowego - projekt 2023".
✔ Writing to sheet 's192547'.
[1]  0.001803 -0.000723 -0.001080
[1] "tabela 3_4 ok"
✔ Editing "Modele rynku kapitałowego - projekt 2023".
✔ Writing to sheet 's192547'.
[1]  0.000004870219 -0.247929419643 -0.209265851549
[1] "tabela 3_5 ?????"
✔ Editing "Modele rynku kapitałowego - projekt 2023".
✔ Writing to sheet 's192547'.
         [,1]     [,2]      [,3]           [,4]       [,5]
[1,] 0.001759 -0.00063 -0.001129 0.000000000000 -0.2479294
[2,] 0.000000  0.00000  0.000000 0.000003885189 -0.1795101
[3,] 0.001517 -0.00052 -0.000998 0.000000000000 -0.2476330
[4,] 0.000238  0.00000 -0.000238 0.000000000000 -0.2343995
[1] "tabela 3_6 ?????"
✔ Editing "Modele rynku kapitałowego - projekt 2023".
✔ Writing to sheet 's192547'.
              [,1]             [,2]          [,3]             [,4]
[1,] -0.0004532284  0.0000013821141 0.00081829337 -0.0000028991946
[2,] -0.0007338891 -0.0000004955687 0.00006972956  0.0000001709933
[3,]  0.0001894546 -0.0000022062218 0.00091446119  0.0000056524538
[1] "tabela 4_1 ?????"
✔ Editing "Modele rynku kapitałowego - projekt 2023".
✔ Writing to sheet 's192547'.
              [,1]          [,2]          [,3]          [,4]
[1,]  0.0000000000 -0.0002389648 -0.0001148174 -0.0002603990
[2,] -0.0002389648  0.0000000000 -0.0002124018 -0.0004209961
[3,] -0.0001148174 -0.0002124018  0.0000000000  0.0001021430
[4,] -0.0002603990 -0.0004209961  0.0001021430  0.0000000000
[1] "tabela 4_2 ?????"
✔ Editing "Modele rynku kapitałowego - projekt 2023".
✔ Writing to sheet 's192547'.
✔ Reading from "Modele rynku kapitałowego - projekt 2023".
✔ Range ''s197033''.
New names:
• `` -> `...3`
• `` -> `...4`
• `` -> `...5`
• `` -> `...6`
• `` -> `...7`
• `` -> `...8`
• `` -> `...9`
• `` -> `...11`
                [,1]             [,2]            [,3]             [,4]             [,5]            [,6]
[1,] -0.000004160910  0.0000049209713  0.000000173030  0.0000049164700 -0.0000014268947  0.000003570964
[2,] -0.000001280035 -0.0000008965693  0.000002461439  0.0000037905613 -0.0000003628273 -0.000001031804
[3,]  0.000078537157 -0.0000750983980  0.000271551964 -0.0003581247055 -0.0004445101003 -0.001312302402
